199
21 172 71 38
48 124 163 17
34 129 169 4
31 111 183 24
3 183 117 1
48 63 56 55
28 145 100 30
32 128 143 10
47 185 180 37
46 72 109 2
36 146 100 40
25 75 161 3
48 117 141 44
23 93 156 20
3 189 91 11
47 120 67 29
30 114 63 12
8 87 150 35
23 55 186 2
42 119 141 31
48 174 169 12
29 98 173 28
20 80 180 46
43 141 86 36
25 172 189 6
46 181 171 26
13 154 109 48
30 109 137 13
0 166 113 2
16 166 196 43
48 78 58 40
29 116 126 24
31 145 170 21
4 78 93 34
12 137 133 6
2 56 82 31
28 145 116 6
43 164 102 39
41 118 88 41
20 141 140 38
0 119 145 37
4 65 56 43
39 91 189 24
32 67 127 2
23 171 111 18
3 101 96 23
4 191 135 22
11 119 143 48
7 63 171 44
37 124 56 8
13 135 187 42
6 58 83 7
36 80 187 11
44 70 127 4
38 98 156 12
39 96 106 8
0 66 124 20
8 154 126 37
20 127 150 3
37 135 84 39
3 187 129 33
38 128 131 38
41 141 167 22
17 172 167 25
31 82 74 36
41 162 72 8
19 110 121 3
45 63 113 41
14 140 56 1
2 70 125 19
2 171 79 6
28 129 197 39
45 147 96 23
28 151 73 43
10 191 143 23
32 161 193 47
28 151 145 36
38 185 98 41
34 136 103 34
45 155 66 48
37 63 133 13
14 115 91 21
39 68 87 45
10 182 77 29
19 198 122 19
21 142 103 24
20 143 80 4
37 191 62 37
1 192 187 48
47 155 197 24
27 116 165 46
25 124 78 37
13 69 82 25
16 159 77 20
29 71 58 8
44 100 60 35
40 149 185 7
25 159 109 44
13 138 72 41
13 107 131 43
27 187 172 44
27 123 190 46
9 81 137 24
31 160 78 14
48 170 195 47
27 123 198 19
15 112 136 46
17 55 86 14
19 115 72 15
7 62 80 28
36 150 149 20
48 104 92 32
4 110 198 41
20 130 145 22
30 119 77 34
35 170 179 32
23 138 194 38
40 120 65 41
48 77 79 35
42 79 180 18
8 122 89 17
14 120 107 7
45 89 120 14
14 127 107 41
3 177 81 24
30 98 68 18
36 158 164 16
44 92 157 46
5 176 66 6
35 70 127 31
18 104 62 29
26 189 152 29
29 105 89 5
7 143 73 35
13 106 66 18
0 163 92 41
41 145 92 36
46 124 158 25
3 110 113 3
26 88 68 6
6 98 177 48
13 173 154 30
46 69 149 15
25 106 88 8
7 187 153 32
15 111 93 12
44 197 178 13
37 61 65 6
32 62 69 18
13 150 122 14
40 144 169 31
14 186 159 22
45 151 128 3
3 181 177 38
19 121 153 23
25 188 106 2
34 189 189 43
7 116 66 15
33 131 136 20
47 130 120 42
0 71 75 40
35 193 157 16
14 114 187 26
15 93 188 14
4 92 115 10
28 57 87 30
36 103 172 4
44 181 194 14
32 170 185 25
55 52 55 48
20 170 119 15
4 114 66 2
31 103 164 13
47 132 94 1
40 115 162 21
33 122 122 3
14 95 155 16
17 117 135 48
2 134 100 9
22 167 58 35
11 195 60 27
2 174 196 17
22 80 111 27
42 173 149 19
11 88 62 48
19 126 70 23
26 79 146 35
19 186 69 42
39 130 99 33
24 146 89 43
25 96 187 24
15 160 61 38
42 55 97 34
4 153 154 3
46 168 149 36
30 154 78 0
37 175 187 32
31 193 87 40
26 163 183 26
22 176 184 37
